14:07:22	4.872616 6.734674	2
14:07:33	4.695797 7.021592	2
14:07:37	3.949611 6.715627	1
14:08:06	7.864056 6.798403	2
14:08:19	26.28321 2.05942	1
14:08:55	57.72365 3.834804	2
14:09:02	48.78394 1.328117	1
14:09:16	55.68816 8.506377	1
14:09:33	48.79148 1.327773	2
14:09:49	56.7786 8.760464	2
14:10:00	55.83788 8.729982	2
14:10:38	48.76083 1.458899	1
14:10:45	55.68892 8.485	1
14:11:00	49.26735 1.459512	2
14:11:32	83.33891 0.985	2
14:11:40	90.61023 1.009743	2
14:11:46	81.9361 0.9850001	2
14:11:57	84.91763 2.575349	2
14:12:04	82.86037 3.653697	2
14:12:08	81.0959 3.487804	1
14:12:12	82.70556 3.749	2
14:12:16	81.47473 3.538224	2
14:12:31	92.97941 1.077849	2
14:12:43	101.1634 0.9850001	2
14:12:45	99.60204 0.9850001	1
14:12:52	116.0097 0.9850001	2
14:12:53	99.59144 0.9850001	1
14:12:56	106.2197 1.242155	1
14:12:58	102.7186 2.892242	1
14:13:03	99.63229 1.016	2
14:13:14	115.7846 3.121768	2
14:13:20	116.6218 3.424715	2
14:13:23	100.8494 1.173	2
14:13:25	102.8033 3.01827	2
14:13:27	102.7568 2.515278	2
14:13:31	106.616 1.247891	2
14:13:45	117.8321 3.141099	2
14:13:48	104.1381 3.147	2
14:13:50	102.767 2.685	2
14:13:53	106.5212 1.257474	1
14:13:55	103.0212 3.115644	1
14:14:01	117.9514 3.049626	2
14:14:03	103.045 3.207975	2
14:14:05	102.9591 3.200092	1
14:14:09	106.2666 0.9850001	2
14:14:15	116.7962 3.111206	2
14:14:17	104.117 3.113437	1
14:14:19	103.045 3.245	2
14:14:21	102.9333 3.201163	2
14:14:27	116.9688 3.056117	2
14:14:29	103.0451 3.220047	2
14:14:32	104.0161 3.237122	2
14:14:35	103.045 3.191417	1
14:14:41	117.8632 3.040573	2
14:14:46	114.6472 0.9850001	2
14:14:48	103.0459 3.223963	2
14:14:53	115.6773 3.466224	2
14:14:55	103.045 3.18662	2
14:15:01	114.6926 1.229982	2
14:15:03	102.7649 3.045	2
17:34:31	7.8429 6.76641	2
17:34:50	25.58642 1.479063	2
17:35:07	48.05784 1.125269	2
17:35:33	48.23484 1.466964	2
17:36:17	57.0885 8.743213	1
17:36:32	48.23408 1.491007	2
17:37:11	80.48882 1.328117	2
17:37:14	83.41351 0.9850001	2
17:37:28	90.00618 1.111491	1
17:37:33	80.32587 1.157001	2
17:37:37	84.38268 0.9850001	1
17:37:46	84.09616 3.063064	2
17:37:50	82.67391 3.265	1
17:37:55	80.26778 0.9850001	2
17:38:04	84.21426 2.546366	2
17:38:07	80.25685 0.9850001	2
17:38:15	83.37834 1.007661	1
17:38:18	80.27782 0.9850001	2
17:38:44	93.44176 3.080474	2
17:38:48	81.05861 1.244643	2
17:38:57	83.44176 1.229982	1
17:39:00	80.31858 0.9850001	2
17:39:16	93.34785 3.286965	2
17:39:21	81.27493 1.271661	2
17:39:42	115.785 0.9850001	1
17:39:45	99.66659 0.9850001	2
17:39:49	102.7561 0.9850001	1
17:39:51	100.9069 1.301697	1
17:39:54	101.1436 1.111491	1
17:39:57	100.3185 1.328117	1
17:39:59	100.745 1.166608	2
17:40:01	100.7562 0.985	1
17:40:05	103.045 3.22098	2
17:40:07	100.7823 1.173	2
17:40:10	102.774 0.9850001	2
17:40:12	101.0505 1.173	2
17:40:32	125.9875 0.9850001	2
17:40:34	101.0713 0.9850001	1
17:40:38	105.9953 0.9850001	2
17:40:42	103.045 3.149	2
18:25:55	6.848941 6.809421	1
18:26:03	6.853621 6.809421	2
18:26:10	7.661119 7.155385	1
18:26:25	7.930265 6.734403	2
18:26:32	8.104549 6.756894	2
18:26:53	26.1741 0.9970987	2
18:27:12	41.81623 0.9850001	1
18:27:22	48.73625 1.383975	1
18:27:28	47.95107 0.9850001	1
18:27:37	51.07417 1.054922	1
18:27:46	52.31792 1.534068	1
18:27:51	48.03812 1.075761	2
18:27:58	47.9737 0.9850001	1
18:28:18	52.6054 1.499932	2
18:28:29	50.25375 1.233825	1
18:28:56	52.36222 1.703976	1
18:29:24	59.955 4.025901	2
18:29:31	56.12954 4.029999	1
18:29:35	48.27219 1.585455	2
18:29:43	56.11579 3.938804	1
18:30:16	59.04236 3.75001	1
18:31:35	52.26224 1.243886	1
18:32:43	50.76501 1.384032	1
18:34:07	50.23832 1.325637	2
18:34:30	55.73804 8.563077	1
18:34:53	50.5154 1.570274	2
18:35:06	50.4225 1.652783	2
18:35:20	55.67595 8.485	2
18:35:38	49.80306 1.376743	2
18:35:51	51.08606 0.9935948	2
18:36:20	48.39946 1.476341	2
18:36:30	56.1012 8.795077	2
18:36:40	56.57215 8.795077	1
18:36:57	50.67616 1.660754	2
18:37:09	56.10479 8.764617	2
18:37:24	49.73999 1.316299	2
18:37:49	49.86795 1.318048	1
18:38:04	55.73423 8.643445	2
18:38:34	52.74753 1.527661	2
18:38:58	55.72691 8.515999	1
18:39:12	49.65769 1.617619	2
18:39:44	52.57153 1.624962	1
18:40:01	52.86753 1.209224	2
18:40:16	55.73098 8.485	2
18:40:54	52.58695 1.667145	1
18:41:11	52.38863 1.547886	2
18:41:31	52.62753 1.627134	2
18:41:55	52.41754 1.627134	2
18:42:08	56.07633 4.029999	1
18:42:23	52.47754 1.627134	1
18:42:46	52.41754 1.627134	2
18:42:58	52.42754 1.627134	1
18:43:16	52.90981 1.019843	2
18:43:31	52.42754 1.627134	1
18:43:43	55.68992 8.535348	2
18:44:03	52.47754 1.627134	1
18:44:17	55.71682 8.485	2
18:44:42	52.88921 1.248744	2
18:45:07	52.67231 1.584743	1
18:45:19	53.05853 0.9850001	2
18:45:39	52.05608 1.010253	2
18:46:02	52.31895 1.627134	2
18:46:12	55.91854 8.759893	1
18:46:30	52.41755 1.627134	1
18:46:56	52.47288 1.627134	1
18:47:20	52.56754 1.627134	2
18:47:42	52.8257 1.328117	2
18:48:14	48.53613 1.657853	2
18:48:20	48.46626 1.654836	2
18:48:36	80.28283 0.9850001	2
18:48:44	83.88877 2.816429	1
18:48:47	80.32479 0.9850001	1
18:48:55	81.44814 3.568885	1
18:49:01	80.3512 3.496117	2
18:49:07	83.32993 0.9850001	2
18:49:11	80.34902 0.9850001	2
18:49:16	83.36242 0.9850001	1
18:49:19	80.29668 0.9850001	1
18:49:24	84.00085 2.531875	1
18:49:30	80.3578 0.9850001	2
18:49:35	83.36912 0.9970987	1
18:49:47	83.31616 0.9970987	1
18:49:53	83.99469 2.531875	1
18:49:58	80.29513 0.9850001	1
18:50:03	83.44538 0.9970987	2
18:50:09	83.90511 2.614465	1
18:50:13	81.16888 3.484046	2
18:50:18	83.36576 0.9850001	2
18:50:33	93.01492 0.9970987	1
18:50:40	84.28906 1.003404	1
18:50:52	93.02918 1.166608	1
18:51:09	92.9732 3.671259	1
18:51:27	93.04499 1.166608	1
18:51:36	93.09483 3.518629	1
18:51:47	93.13692 3.451435	2
18:51:51	84.47028 0.9850001	1
18:51:55	83.42904 1.003404	1
18:52:06	101.1263 0.9850001	1
18:52:07	99.61204 0.9850001	1
18:52:09	101.8334 1.166608	1
18:52:15	115.9132 0.9850001	2
18:52:22	125.9056 0.9970987	1
18:52:23	99.61204 0.9850001	1
18:52:28	102.7668 2.614465	1
18:52:32	105.9942 1.227	1
18:52:34	99.58158 1.008	2
18:52:36	99.67061 1.111491	2
18:52:38	102.7325 2.523278	1
18:52:40	102.7386 2.549	1
18:52:42	102.7354 2.760987	1
18:52:45	103.0362 3.207975	1
18:52:47	103.045 3.207975	2
18:52:49	103.045 3.207975	1
18:52:51	103.045 3.201167	1
18:52:53	102.926 3.195813	1
18:52:54	99.60088 0.9850001	1
18:52:57	101.5217 1.328117	1
18:53:00	101.112 0.9970987	1
18:53:02	100.4551 1.328117	2
18:53:05	102.7622 2.670465	2
18:53:07	102.7249 2.933	1
18:53:10	106.6275 1.334021	1
18:53:21	125.672 3.372358	1
18:53:24	99.57877 0.9850001	1
18:53:27	102.7216 2.779278	2
18:53:29	100.2794 1.173	1
18:53:32	102.7457 3.084331	1
19:46:31	20.15984 1.627134	2
19:46:35	23.79625 0.9850001	1
19:47:47	62.55595 8.999998	1
19:48:15	53.02381 0.9850001	2
19:48:46	62.72381 9.473963	2
19:48:55	47.97644 0.9970987	1
19:49:03	59.38395 5.020484	1
19:49:20	59.955 4.029999	2
19:49:28	58.07117 3.606296	2
19:49:51	52.84497 1.276	1
19:50:10	55.65288 8.485	1
19:50:38	50.81732 1.319948	2
19:51:09	48.54388 1.690252	1
19:52:25	52.80876 1.276	1
19:53:07	52.81515 1.363134	2
19:53:16	56.4158 8.762814	1
19:53:31	49.7645 1.14626	1
19:54:22	80.2422 0.9850001	2
19:54:30	82.73608 3.265	1
19:54:36	82.86871 3.537171	2
19:54:43	82.94989 2.871804	1
19:54:53	83.41666 0.9970987	1
19:55:14	89.79607 0.9850001	2
19:55:23	83.43796 1.111491	2
19:55:32	83.47195 1.205582	1
19:55:54	100.9872 0.9850001	1
19:55:59	105.7576 0.9970987	2
19:56:08	115.556 0.9850001	2
19:56:11	102.1321 1.328117	2
19:56:23	125.4625 0.9850001	1
19:56:33	125.6712 3.365867	2
19:56:36	106.5381 1.251793	1
19:56:37	99.69389 1.008	1
20:40:59	3.904286 6.709136	1
20:41:32	7.239218 6.852397	2
20:42:40	27.2459 0.9850001	1
20:43:09	49.39855 1.471234	1
20:44:27	52.84407 1.276	1
20:44:38	56.24286 3.771448	1
20:45:05	53.00721 0.9970987	2
20:45:31	53.01004 0.9850001	2
20:45:58	56.12196 8.795077	1
20:46:17	57.14928 8.795077	2
20:46:53	55.63146 8.485	2
20:48:16	52.41755 1.627134	1
20:48:48	52.83338 1.166608	2
20:49:28	49.53881 1.631377	2
20:49:41	49.43809 1.45927	1
20:50:12	55.691 8.519577	2
20:50:33	55.76888 8.485	2
20:50:55	52.65017 1.646152	1
20:51:18	55.72087 8.485	1
20:51:32	52.66547 1.465001	1
20:52:00	52.83042 1.365981	2
20:52:15	52.72198 1.328117	2
20:52:32	52.76319 1.271661	2
20:53:10	80.21191 0.9850001	1
20:53:14	83.603 1.328117	2
20:53:17	80.25935 0.9850001	1
20:53:28	89.91045 1.009197	1
20:53:33	83.47127 1.242081	1
20:53:56	92.92089 0.9850001	1
20:54:00	83.44352 0.9970987	1
20:54:04	80.90577 3.532786	1
20:54:18	93.16081 3.611456	2
20:54:22	80.66777 3.435277	1
20:54:28	84.86677 2.632429	2
20:54:49	93.04499 1.185858	2
20:54:54	84.95076 2.528429	1
20:55:13	85.03197 0.9970987	1
20:55:21	83.32008 0.9850001	1
20:55:32	83.34869 0.9850001	1
20:55:47	84.88914 2.521313	1
20:55:55	83.94835 2.528857	1
20:56:14	92.96602 1.027	1
20:56:42	101.177 0.9850001	1
20:56:45	102.364 0.9970987	1
20:56:55	125.9326 0.9850001	2
20:57:01	99.61512 0.9850001	2
20:57:04	100.4334 1.244643	1
20:57:07	101.0258 0.9970987	1
20:57:13	102.8444 2.998323	2
20:57:17	101.3513 1.048116	2
20:57:18	99.63958 0.9850001	1
20:57:23	103.045 3.199318	1
20:57:30	102.8397 3.100733	1
20:57:33	106.2114 0.9850001	1
20:57:39	102.9969 3.221152	1
20:57:41	104.9218 1.173	2
20:57:46	106.0294 0.9850001	2
20:57:50	103.0378 3.245	1