14:18:06	21.1114 -51.247	2
14:18:53	29.105 -45.82704	2
14:19:16	28.95389 -45.84244	2
14:19:19	12.809 -28.49158	1
14:19:40	18.74867 -47.94907	1
14:19:46	18.52891 -48.077	1
14:19:52	25.15981 -51.44141	1
14:20:19	44.58442 -65.32761	1
14:20:26	53.78664 -60.73882	1
14:20:40	48.70686 -65.50494	1
14:20:47	52.76226 -60.74464	1
14:20:54	57.09676 -65.385	1
14:21:07	52.745 -65.515	1
14:21:14	48.65214 -60.98212	1
14:21:18	45.10399 -62.21775	1
14:21:26	60.17017 -65.46775	1
14:21:34	53.27792 -61.015	2
14:21:43	58.34729 -65.51499	1
14:22:03	58.01231 -65.2727	1
14:22:17	58.86365 -65.405	2
14:22:26	53.36892 -61.015	2
14:22:33	50.52864 -65.49345	2
14:22:41	54.02103 -61.015	2
14:22:44	42.65405 -65.33337	2
14:22:47	42.58648 -65.32552	2
14:22:58	53.34011 -61.015	1
14:23:06	58.70346 -65.30302	2
14:23:20	68.65273 -60.515	2
14:23:24	79.51241 -59.78178	2
14:23:27	74.92339 -60.23927	2
14:23:34	77.98294 -62.26842	2
14:23:40	81.0387 -62.28303	2
14:23:47	79.3312 -62.4611	2
14:23:54	78.25245 -62.03738	2
14:23:58	80.85857 -60.15152	2
14:24:02	77.67816 -60.50122	2
14:24:15	68.1693 -65.51499	2
14:24:36	72.5919 -106.515	2
14:24:41	71.50836 -118.282	2
14:24:45	74.33772 -112.275	1
14:24:49	74.73062 -112.275	1
14:24:53	72.75182 -118.355	2
14:24:57	72.77195 -118.355	1
14:25:04	69.38743 -140.4352	2
14:25:08	71.47737 -118.355	1
14:25:13	72.89777 -134.3551	2
14:25:19	71.07474 -150.6755	2
14:25:24	71.42545 -118.355	2
14:25:28	72.18473 -134.3551	1
17:45:28	12.87259 -28.515	2
17:45:42	19.08401 -47.98285	2
17:45:53	25.22135 -45.64559	2
17:45:59	23.08467 -51.515	2
17:46:02	18.81191 -47.9107	1
17:46:24	28.14271 -47.91582	1
17:46:28	19.3187 -47.91325	2
17:46:31	21.46741 -51.515	2
17:46:37	25.22928 -45.71042	2
17:46:53	21.49523 -51.43627	1
17:47:02	25.99188 -45.58829	1
17:47:12	25.79957 -45.78669	1
17:47:55	25.72625 -51.515	2
17:47:59	17.85292 -51.515	2
17:48:09	25.14895 -51.32457	2
17:48:29	25.43652 -45.80363	1
17:48:43	23.01825 -51.515	1
17:48:52	27.31926 -48.03166	1
17:49:28	25.52084 -51.333	2
17:49:47	52.72334 -65.508	2
17:49:57	59.13945 -65.51499	1
17:50:05	53.10616 -60.84134	2
17:50:12	48.55059 -61.015	2
17:50:21	52.72164 -60.73535	1
17:50:29	59.53973 -65.42229	2
17:50:36	53.4836 -61.015	1
17:50:41	42.54762 -65.51499	1
17:50:49	58.09845 -65.15976	1
17:50:57	52.54917 -60.72513	1
17:51:04	53.05171 -60.83715	1
17:51:11	53.21251 -61.00015	1
17:51:18	53.89723 -61.015	1
17:51:31	54.12666 -61.015	2
17:51:40	63.51516 -65.33411	2
17:51:48	49.02697 -60.73934	1
17:51:56	60.09342 -65.51499	1
17:52:04	54.15948 -61.015	1
17:52:14	59.66308 -65.32183	1
17:52:21	53.18432 -61.015	1
17:52:29	60.10147 -65.51499	1
17:52:36	54.43178 -60.75719	1
17:52:44	58.64813 -65.29891	1
17:52:51	53.29296 -61.015	1
17:53:04	68.67696 -60.50299	1
17:53:13	79.71573 -62.765	1
17:53:14	66.11108 -62.285	2
17:53:16	68.98993 -60.23553	2
17:53:20	81.23667 -62.00605	2
17:53:27	79.1821 -62.7569	1
17:53:28	68.68925 -60.48	1
17:53:30	68.9814 -60.16955	1
17:53:32	73.26987 -59.701	1
17:53:33	69.05997 -60.205	1
17:53:36	82.30208 -59.765	1
17:53:43	76.834 -62.765	2
17:53:45	68.70351 -60.48	1
17:53:54	73.53434 -62.46378	1
17:54:24	72.35728 -106.515	1
17:54:29	72.78664 -118.282	1
17:54:33	72.97932 -106.515	1
17:54:36	74.29149 -112.275	1
17:54:41	74.34689 -112.275	2
17:54:44	75.02545 -112.275	2
17:54:49	74.28403 -112.275	2
17:54:53	72.52528 -118.355	1
17:54:57	70.26366 -107.155	2
17:55:00	71.61311 -118.355	2
18:56:59	12.88086 -28.515	2
18:57:06	20.65205 -51.247	2
18:57:09	12.75812 -28.515	1
18:57:18	17.88357 -51.48885	1
18:57:21	19.12652 -48.077	1
18:57:24	21.1554 -47.94475	2
18:57:31	29.82893 -45.485	1
18:57:33	20.3622 -48.10749	1
18:57:37	26.66603 -48.265	1
18:57:39	21.38381 -48.265	2
18:57:42	21.32445 -48.15962	2
18:57:46	24.4037 -51.28594	2
18:57:47	13.19605 -51.48701	1
18:57:50	21.13558 -48.077	2
18:57:52	21.28502 -48.1033	2
18:57:55	21.38733 -48.265	2
18:57:59	22.42086 -51.50647	1
18:58:02	21.37818 -48.265	2
18:58:04	21.37457 -48.265	1
18:58:07	24.51542 -51.289	1
18:58:09	21.38556 -48.265	2
18:58:11	21.32541 -48.13464	1
18:58:22	28.18182 -48.10334	1
18:58:25	20.3376 -47.92187	1
18:58:34	31.905 -51.21876	2
18:58:36	20.86839 -48.08338	1
18:58:43	27.66488 -47.97676	1
18:58:46	20.6472 -48.077	2
18:58:47	19.1435 -47.92187	1
18:58:57	27.835 -47.96003	2
18:59:09	29.745 -45.7111	1
18:59:12	18.78819 -47.90961	1
18:59:20	25.73082 -51.515	2
18:59:22	19.33714 -47.92187	1
18:59:28	25.825 -45.77832	2
18:59:31	18.39194 -48.08338	1
18:59:34	23.09471 -51.515	1
18:59:53	30.62044 -48.265	1
18:59:56	21.31379 -48.14775	2
19:00:00	25.82021 -45.82415	2
19:00:03	25.24854 -51.348	1
19:00:07	21.44184 -51.515	1
19:00:14	25.82887 -45.81446	1
19:00:18	19.977 -51.28921	1
19:00:22	17.86871 -51.515	1
19:00:36	27.48452 -47.93141	2
19:00:42	25.33577 -51.45149	1
19:00:50	25.70775 -51.27002	2
19:00:51	13.30818 -51.515	1
19:00:56	25.32771 -45.65509	2
19:01:00	19.09149 -48.05768	2
19:01:31	28.33987 -48.24734	1
19:01:41	28.13555 -47.96281	2
19:01:46	32.08039 -51.247	2
19:01:51	13.20815 -51.515	1
19:01:53	21.3802 -48.265	1
19:01:58	21.20828 -47.95089	1
19:02:01	21.33284 -48.15838	1
19:02:07	32.16005 -51.29113	1
19:02:12	27.79885 -48.005	1
19:02:24	24.90079 -51.44804	2
19:02:28	21.27336 -48.077	1
19:02:33	25.74544 -51.515	2
19:02:38	25.945 -45.4926	1
19:02:47	29.74551 -45.73409	1
19:02:49	19.30623 -47.92187	2
19:03:03	25.03901 -51.34299	1
19:03:31	20.76694 -48.213	1
19:03:37	25.46018 -45.493	2
19:03:39	21.305 -48.23739	2
19:03:46	31.79179 -51.407	2
19:03:48	19.1798 -47.92187	1
19:03:56	32.06657 -51.21876	2
19:04:02	32.13074 -51.247	2
19:04:08	27.345 -47.917	1
19:04:12	24.46732 -51.333	1
19:04:21	27.69499 -48.02205	2
19:04:28	24.65246 -51.17187	1
19:04:35	32.35369 -51.247	2
19:04:38	21.295 -51.50466	1
19:04:59	48.52316 -60.72697	2
19:05:02	42.5051 -65.51499	2
19:05:10	52.41916 -65.42471	2
19:05:16	45.5757 -62.28002	2
19:05:20	42.50557 -65.50165	2
19:05:24	44.95018 -62.525	1
19:05:33	58.58878 -65.51499	2
19:05:50	79.66911 -59.76545	1
19:05:55	83.23474 -62.765	2
19:06:03	82.31795 -59.55906	2
19:06:16	72.14993 -62.26468	1
19:06:18	68.7529 -60.515	2
19:06:33	70.16882 -62.765	2
19:06:35	70.60577 -59.79605	2
19:06:46	69.64169 -65.33879	2
19:06:47	68.68765 -60.515	1
19:06:53	80.82526 -60.21466	1
19:07:06	70.37592 -62.46074	1
19:07:07	68.75224 -60.515	1
19:07:08	68.72314 -60.38851	2
19:07:13	79.78357 -62.765	2
19:07:16	70.50269 -59.76511	2
19:07:17	68.83403 -60.27002	2
19:07:18	68.71997 -60.515	2
19:07:24	79.74625 -62.765	2
19:07:30	81.33272 -60.48498	1
19:07:33	73.29942 -59.73526	1
19:07:47	70.24446 -62.59666	2
19:07:48	68.81733 -60.25402	2
19:07:57	71.79851 -62.26468	2
19:07:59	68.65345 -60.515	1
19:08:00	68.78337 -60.515	2
19:08:02	74.76781 -60.515	2
19:08:07	79.30949 -59.73536	1
19:08:12	82.33546 -59.78687	1
19:08:15	73.47142 -59.76993	2
19:08:26	73.36446 -62.45894	1
19:08:38	69.74435 -65.33879	1
19:08:43	68.70228 -60.515	1
19:08:52	70.74788 -62.74665	2
19:08:53	65.96001 -62.285	2
19:09:02	77.83518 -62.28303	1
19:09:03	68.83502 -60.27002	1
19:09:13	70.72712 -62.62016	2
19:09:14	65.96001 -62.285	2
19:09:38	70.16673 -62.765	1
19:09:40	68.83273 -60.23502	2
19:09:43	77.84176 -60.25772	1
19:09:50	79.45763 -59.79605	2
19:10:12	74.73442 -65.451	1
19:10:18	71.78004 -60.2447	2
19:10:19	68.711 -60.515	1
19:10:33	69.795 -65.42121	2
19:10:40	77.70872 -60.515	1
19:10:46	79.84853 -62.765	2
19:10:47	65.96001 -62.285	2
19:10:49	68.90218 -60.14806	2
19:11:02	69.79205 -65.50288	2
19:11:07	83.28008 -62.765	1
19:11:08	68.74383 -60.48	1
19:11:21	70.2285 -64.37167	1
19:11:28	78.04431 -62.26468	1
19:11:32	76.58936 -59.79605	2
19:11:36	80.75334 -60.38851	2
19:11:37	68.71941 -60.515	2
19:11:41	77.71932 -60.48454	1
19:11:42	68.73225 -60.437	1
19:11:56	75.09908 -65.187	2
19:11:58	68.64842 -60.515	2
19:11:59	68.84748 -60.15152	1
19:12:00	69.03918 -60.205	2
19:12:02	71.78088 -60.27002	2
19:12:08	80.97259 -62.28303	2
19:12:10	68.80041 -60.515	1
19:12:13	75.3278 -60.48454	2
19:12:15	69.12422 -60.14806	1
19:12:17	73.67978 -59.76696	2
19:12:32	69.63989 -65.165	2
19:12:34	71.68391 -60.515	1
19:12:39	82.31219 -59.80326	2
19:12:41	71.73472 -60.48684	2
19:12:45	75.33282 -60.515	2
19:12:47	74.77443 -60.25628	1
19:12:49	68.75028 -60.515	2
19:12:52	77.75712 -60.48454	1
19:12:58	79.61616 -59.79605	1
19:13:13	69.81087 -65.50288	2
19:13:14	70.33274 -59.81206	2
19:13:20	81.01899 -62.28303	2
19:13:30	70.73028 -62.74665	2
19:13:31	65.96001 -62.285	1
19:13:47	70.29988 -62.52778	2
19:13:48	68.81358 -60.27002	2
19:13:58	68.32386 -65.34667	2
19:14:01	71.84573 -60.15152	2
19:14:06	79.47269 -59.79605	2
19:14:11	83.40575 -62.5558	1
19:14:24	69.795 -65.50288	1
19:14:41	69.8002 -65.42039	2
19:14:46	80.77161 -60.27002	1
19:14:48	70.59074 -59.79605	1
19:15:01	69.7822 -65.50288	1
19:15:03	73.55264 -59.78231	1
19:15:07	77.85125 -60.15152	2
19:15:11	73.42463 -59.7609	2
19:15:13	71.79026 -60.38851	1
19:15:14	68.70162 -60.515	2
19:15:19	83.43137 -62.58097	2
19:15:23	76.31144 -59.72763	1
19:15:26	74.77144 -60.27002	
19:15:32	83.36082 -62.58381	1
19:15:48	76.37995 -65.21054	1
19:16:09	74.80943 -65.451	2
19:16:11	68.79977 -60.496	2
19:16:12	68.79301 -60.515	2
19:16:26	74.85561 -65.187	2
19:16:27	70.30554 -59.78687	2
19:16:33	73.30778 -59.72948	2
19:16:39	80.89764 -62.28303	1
19:16:42	74.66794 -60.515	2
19:16:43	68.70435 -60.515	2
19:16:54	69.79499 -65.40771	1
19:17:09	71.7739 -64.42846	1
19:17:13	68.78913 -60.2421	2
19:17:32	73.32971 -65.51499	2
19:17:33	65.81521 -62.248	1
19:18:00	72.48805 -106.515	2
19:18:04	72.97343 -106.515	1
19:18:09	74.74765 -112.275	1
19:18:14	70.25502 -107.155	2
19:18:18	72.85609 -106.515	2
19:18:22	71.74991 -118.355	1
19:18:26	72.06476 -106.52	2
19:18:29	71.28271 -106.515	2
19:18:33	71.19979 -106.515	2
19:18:36	71.19449 -106.515	2
19:18:41	72.41578 -134.3601	2
19:18:45	70.18523 -107.475	2
19:18:50	72.50603 -129.875	1
19:18:53	70.02354 -106.515	1
19:18:57	71.26357 -106.515	1
19:19:00	70.25623 -107.155	2
19:19:04	72.31514 -134.3551	2
19:19:09	70.20389 -107.475	1
19:19:12	71.05648 -106.835	2
19:19:17	68.325 -140.1244	2
19:19:22	71.69147 -106.515	2
19:19:26	71.00762 -106.835	2
19:19:31	68.57934 -140.1152	1
19:19:35	70.26441 -107.155	1
19:19:38	71.29526 -106.515	2
19:19:43	72.67921 -118.1409	2
19:19:48	72.53263 -134.3551	1
19:19:53	71.89662 -106.515	2
19:19:56	70.18739 -107.475	2
19:19:59	70.19205 -107.795	1
19:20:02	71.24961 -106.515	1
19:20:08	69.51103 -140.3622	2
19:20:12	70.17782 -107.16	1
19:20:16	70.16669 -106.835	2
19:20:22	71.68069 -134.2822	2
19:20:27	71.95193 -106.52	2
19:20:32	72.75853 -134.3551	2
19:20:36	69.95568 -106.515	2
19:20:41	71.35735 -134.3551	2
19:20:47	70.21501 -107.475	1
19:20:50	71.03962 -106.835	1
19:20:55	72.1543 -134.3601	2
19:20:59	70.21501 -107.475	1
19:21:02	71.21957 -106.515	2
19:21:07	69.84805 -140.4352	1
19:21:11	71.43585 -106.515	2
19:21:15	70.93944 -119.635	2
19:21:20	73.29208 -129.555	1
19:21:23	71.33279 -106.515	1
19:21:29	72.13784 -150.3555	1
19:21:40	70.09 -106.835	2
19:21:44	71.18563 -106.515	1
19:21:49	71.71381 -150.6755	2
19:21:55	70.1429 -107.16	1
19:21:58	71.32253 -106.515	1
19:22:03	71.87474 -134.3551	2
19:22:07	71.60281 -106.52	1
19:22:13	72.49813 -150.3555	1
19:22:18	72.60593 -106.515	1
19:22:22	70.20226 -107.8176	2
19:22:26	71.28568 -134.6842	2
19:22:30	70.01344 -106.835	1
19:22:33	71.17747 -106.515	1
19:22:38	72.15164 -134.3639	2
19:22:42	70.06382 -106.835	1
19:22:47	72.41698 -134.3551	2
19:22:52	69.92511 -140.4352	2
19:22:56	71.87402 -106.515	2
19:23:01	71.38503 -134.3551	2
19:23:06	71.57887 -134.3551	2
19:23:12	72.41719 -150.3555	2
19:23:23	70.18481 -106.835	1
19:23:26	70.94698 -107.155	2
19:23:29	71.31611 -106.515	2
19:23:35	71.25447 -150.3555	2
19:23:39	72.90717 -106.515	2
19:23:45	71.44746 -150.3555	1
19:23:49	71.82695 -106.515	2
19:23:54	71.31789 -150.3555	2
19:24:01	71.27781 -106.515	2
19:24:04	70.17345 -107.475	2
19:24:08	72.64448 -134.3551	2
19:24:12	70.99789 -106.835	1
19:24:16	71.11902 -118.995	2
19:24:21	71.37704 -106.282	2
19:24:24	70.22152 -107.475	2
19:24:27	71.43714 -106.515	2
19:24:30	70.22796 -107.795	2
19:24:33	71.07865 -106.835	2
19:24:36	70.25502 -107.16	1
19:24:39	70.24757 -107.795	2
19:24:44	71.97926 -134.3601	2
19:24:49	71.18015 -106.515	1
19:24:53	71.86858 -134.3551	1
19:24:57	71.76202 -106.515	2
19:25:00	71.30552 -106.515	2
19:25:03	70.25922 -107.155	1
19:25:07	75.71174 -112.275	1
19:25:12	71.54362 -134.3551	1
19:25:16	70.21755 -107.7954	2
19:25:22	71.09689 -150.6805	2
19:25:30	72.69484 -134.3551	2
19:25:34	70.13026 -106.835	1
19:25:37	71.80894 -106.515	2
19:25:40	70.14927 -106.84	1
19:25:43	70.13896 -106.835	2
19:25:47	72.90716 -118.3652	1
19:25:51	74.40678 -112.275	2
19:25:54	74.38723 -112.275	2
19:25:59	71.94636 -118.355	1
19:26:05	69.80949 -140.4352	2
19:26:09	71.31561 -106.515	2
19:26:14	68.9987 -140.4352	1
19:26:19	72.06651 -134.3551	1
19:26:22	70.25847 -107.155	2
19:26:25	71.31957 -106.515	2
19:26:31	71.09943 -134.9222	2
19:26:37	69.65775 -140.4352	1
19:26:43	71.47475 -134.171	1
19:26:49	70.96504 -135.716	2
19:26:53	71.17712 -106.5026	1
19:26:56	70.17422 -107.155	2
19:27:03	68.91748 -150.2875	2
19:27:09	72.36294 -106.602	1
19:27:14	71.25916 -134.6801	1
19:27:21	72.55539 -150.3555	2
19:27:25	71.04264 -106.835	1
19:27:30	71.08676 -135.0043	2
19:27:34	70.26159 -107.155	2
19:27:37	71.15511 -106.515	2
19:27:40	70.06125 -106.835	2
19:27:47	72.86266 -150.2825	2
19:27:52	71.33925 -106.515	1
19:27:58	72.03329 -150.3555	1
19:28:03	70.93419 -135.3151	1
19:28:07	71.21498 -106.52	2
19:28:10	70.24423 -107.155	2
19:28:13	71.02074 -106.835	2
19:28:16	70.26009 -107.795	2
19:28:19	70.9485 -107.155	2
19:28:24	70.02912 -140.4494	2
19:28:28	71.20526 -106.515	2
20:00:17	20.52433 -51.21028	2
20:00:27	24.16255 -51.515	2
20:00:30	20.73535 -48.12383	1
20:00:33	18.34204 -47.94847	1
20:00:38	21.44942 -51.47173	1
20:00:48	24.34052 -51.247	2
20:01:14	22.98479 -51.40216	1
20:01:45	25.84127 -45.485	2
20:02:02	25.34072 -45.69622	2
20:02:20	25.60318 -45.77123	2
20:03:09	25.64602 -45.77123	2
20:03:40	26.41033 -45.78117	2
20:03:53	25.58101 -45.80937	1
20:04:02	24.20459 -51.515	2
20:05:00	29.19382 -45.78225	1
20:05:31	49.48154 -65.49667	1
20:05:56	44.29084 -65.17909	2
20:06:01	43.69117 -65.19056	2
20:06:15	52.28329 -65.27122	1
20:06:19	42.52497 -65.51499	1
20:06:31	51.49602 -65.36337	1
20:06:49	58.59262 -65.42152	2
20:07:02	63.41179 -65.35643	1
20:07:07	42.46123 -65.51499	1
20:07:26	66.27511 -62.515	2
20:07:51	75.19434 -60.23553	1
20:07:53	69.18796 -60.205	1
20:07:59	83.31175 -62.765	2
20:08:00	68.69389 -60.48	2
20:08:01	68.73716 -60.48	1
20:08:04	76.60712 -59.76558	1
20:08:22	69.65218 -65.25535	2
20:08:27	79.80864 -62.725	2
20:08:28	68.69843 -60.48	1
20:08:30	72.00885 -60.23553	1
20:08:32	68.99414 -60.25191	1
20:08:33	69.08516 -60.205	2
20:09:07	74.67396 -65.51499	1
20:09:08	68.7976 -60.35351	2
20:09:09	68.84605 -60.205	2
20:09:14	83.3038 -62.501	2
20:09:42	73.40446 -129.555	2
20:09:46	73.09507 -106.835	2
20:09:50	72.60065 -118.355	1
20:09:54	74.53092 -112.275	1
20:09:59	71.50449 -118.355	1
20:10:03	74.69521 -112.595	1
20:10:09	74.47363 -124.435	1
20:10:16	74.40524 -124.44	1
20:10:30	74.00322 -124.836	1
20:10:35	74.34459 -112.3975	2
20:10:39	74.19996 -112.516	1
20:10:45	73.26197 -119.4602	1
20:10:49	74.82603 -124.3951	1
20:10:55	73.02537 -118.4722	1
20:11:00	73.14433 -118.7513	1
20:11:06	70.99223 -135.1182	2
20:11:13	69.1383 -140.5213	2
20:11:19	73.18123 -119.2846	1
20:11:23	73.08537 -118.675	1
20:11:28	73.23359 -119.7981	1
20:11:36	68.5752 -140.3978	1
20:11:43	72.60652 -118.1153	1
20:11:51	71.34303 -150.309	1
20:12:03	73.26312 -119.6051	1
20:12:09	69.48663 -140.267	2
20:12:15	72.04781 -134.3176	2
20:12:22	71.13058 -134.689	2
20:12:28	70.23727 -141.1208	1
20:12:36	69.6261 -140.2793	2
20:12:41	73.13305 -118.675	1
21:01:05	20.17663 -51.28117	2
21:01:35	19.13601 -48.06028	1
21:01:39	18.96151 -48.08838	2
21:02:05	24.21671 -51.45187	1
21:02:09	21.29467 -51.405	1
21:02:12	21.26217 -51.405	2
21:02:20	25.70801 -51.48571	2
21:02:33	25.8005 -45.65923	2
21:02:42	25.79518 -45.77773	2
21:02:48	20.55854 -51.247	2
21:02:52	24.2611 -51.31255	2
21:03:02	22.97499 -51.27002	2
21:03:05	14.8462 -51.515	2
21:03:14	22.62668 -51.28418	2
21:03:20	23.08925 -51.515	2
21:03:23	21.295 -51.43144	1
21:03:32	20.05773 -51.247	2
21:03:41	25.42016 -51.34299	2
21:04:11	25.76053 -51.515	1
21:04:19	22.99862 -51.515	2
21:04:22	20.53027 -47.92582	1
21:04:27	21.505 -51.333	2
21:04:30	21.505 -51.46886	1
21:04:36	23.01586 -51.515	2
21:04:37	13.1794 -51.5	2
21:04:41	21.48296 -51.515	2
21:04:46	22.09119 -51.23713	2
21:04:52	22.92538 -51.40408	1
21:04:57	25.84957 -51.515	2
21:05:03	22.99596 -51.46601	1
21:05:39	45.12469 -62.16537	1
21:05:47	53.6585 -60.71713	1
21:05:55	47.74612 -65.4269	2
21:05:59	42.46992 -65.51499	1
21:06:08	58.28275 -65.51041	1
21:06:28	42.45852 -65.51499	1
21:06:32	44.92008 -65.51499	2
21:06:39	47.32482 -65.51499	1
21:06:52	57.92402 -65.22289	2
21:07:07	43.82858 -65.38271	2
21:07:16	57.98662 -65.30302	2
21:07:56	70.82752 -62.75623	2
21:08:00	68.74588 -60.48	2
21:08:01	68.76981 -60.317	1
21:08:03	71.85993 -60.15152	1
21:08:04	68.66974 -60.515	1
21:08:05	68.7823 -60.48	1
21:08:09	80.77188 -60.27002	2
21:08:15	83.54221 -62.501	1
21:08:20	73.65803 -59.76962	2
21:08:29	79.50561 -62.44604	1
21:08:35	78.13206 -62.13359	1
21:08:37	69.18687 -60.205	2
21:08:38	70.31116 -59.765	1
21:08:42	79.60659 -59.75866	2
21:08:45	73.32255 -59.765	1
21:08:48	79.38428 -59.71805	2
21:08:55	79.55898 -62.45971	2
21:08:56	68.75268 -60.515	2
21:08:57	68.71201 -60.515	2
21:09:01	79.38938 -59.65385	2
21:09:23	72.151 -64.55906	2
21:09:25	70.37493 -59.837	1
21:09:32	68.46429 -65.33879	1
21:09:36	79.32873 -59.61903	1
21:09:43	68.33581 -65.33879	1
21:09:53	68.37729 -65.3289	1
21:10:01	68.29839 -65.27001	1
21:10:04	73.27301 -59.701	2
21:10:06	66.29499 -62.2	2
21:10:11	83.38389 -62.54718	1
21:10:17	79.73898 -62.63851	1
21:10:18	65.96001 -62.285	1
21:10:26	77.80743 -62.26468	2
21:10:28	66.295 -62.285	2
21:10:29	71.65496 -60.515	2
21:10:30	68.66682 -60.515	1
21:10:33	73.25609 -59.67325	2
21:10:34	68.6955 -60.515	1
21:10:46	69.79499 -65.43147	2
21:10:48	70.26424 -59.701	2
21:10:55	68.51148 -65.33879	1
21:11:02	68.38416 -65.3289	2
21:11:10	80.86652 -62.28303	1
21:11:15	82.29713 -59.765	2
21:11:18	82.27934 -59.66899	2
21:11:22	79.50463 -59.75682	2
21:11:23	68.64803 -60.515	2
21:11:51	72.50629 -106.515	2
21:11:55	74.92389 -112.275	2
21:11:58	72.37351 -106.515	1
21:12:02	74.27177 -112.275	2
21:12:06	72.67789 -106.515	2
21:12:09	73.07948 -106.835	2
21:12:14	72.20014 -118.355	2
21:12:18	71.24328 -118.355	1
21:12:22	72.24251 -118.355	2
21:12:26	73.0591 -118.675	2
21:12:31	72.96706 -118.355	1
21:12:36	74.58989 -124.44	2
21:12:39	73.20018 -106.8352	2
21:12:44	72.90871 -118.355	1
21:12:50	69.70456 -140.4356	2
21:12:55	72.45959 -118.355	2
21:13:01	69.91502 -140.4352	1
21:13:05	74.07792 -112.915	1
21:13:12	71.98576 -150.2824	2
21:13:19	72.27225 -118.355	2
21:13:25	71.3845 -134.2822	1
21:13:29	72.85052 -118.3683	2
21:13:34	72.97919 -118.5017	2
21:13:38	71.48515 -118.355	1
21:13:43	71.59631 -118.355	1
21:13:48	75.01654 -124.435	2
21:13:52	72.17493 -118.36	2
21:13:59	71.98415 -150.2825	1
21:14:05	72.6298 -118.355	2
21:14:09	74.11893 -112.595	2
21:14:13	72.8767 -119.8066	2
21:14:20	72.05645 -150.3432	1
21:14:26	74.55943 -124.435	1
21:14:33	72.66428 -150.3555	2
21:14:43	71.34526 -134.2822	1
21:14:47	73.94064 -112.915	1
21:13:19	72.27225 -118.355	2
21:13:25	71.3845 -134.2822	1
21:13:29	72.85052 -118.3683	2
21:13:34	72.97919 -118.5017	2
21:13:38	71.48515 -118.355	1
21:13:43	71.59631 -118.355	1
21:13:48	75.01654 -124.435	2
21:13:52	72.17493 -118.36	2
21:13:59	71.98415 -150.2825	1
21:14:05	72.6298 -118.355	2
21:14:09	74.11893 -112.595	2
21:14:13	72.8767 -119.8066	2
21:14:20	72.05645 -150.3432	1
21:14:26	74.55943 -124.435	1
21:14:33	72.66428 -150.3555	2
21:14:43	71.34526 -134.2822	1
21:14:47	73.94064 -112.915	1